ambient[]={0.6,0.6,0.6,1};
diffuse[]={0.40000001,0.40000001,0.40000001,1};
forcedDiffuse[]={0,0,0,0};
emmisive[]={0,0,0,1};
specular[]={0.5,0.5,0.5,1};
specularPower=100;
